,col1_length
0,2.101
1,2.302
2,2.403
3,3.341
4,2.626
5,1.548
6,2.37
7,2.031
8,1.508
9,2.939
10,2.752
11,0.978
12,1.924
13,2.185
14,1.849
15,1.322
16,2.598
17,2.18
18,2.775
19,2.386
20,2.531
21,2.541
22,2.152
23,1.02
24,1.761
25,2.046
26,2.356
27,2.079
28,2.347
29,1.799
30,2.216
31,1.959
32,1.59
33,2.555
34,2.165
35,1.872
36,2.925
37,2.541
38,2.002
39,2.473
40,1.559
41,2.91
42,1.979
43,1.611
44,2.887
45,2.016
46,2.758
47,2.033
48,2.413
49,2.662
50,1.819
51,1.625
52,2.48
53,1.473
54,2.873
55,2.647
56,2.42
57,2.596
58,2.503
59,3.125
60,2.058
61,2.887
62,3.002
63,2.945
64,2.007
65,2.273
66,2.726
67,3.054
68,2.282
69,2.644
70,1.728
71,2.373
72,1.666
73,2.413
74,1.851
75,1.995
76,2.79
77,1.999
78,2.249
79,1.771
80,1.083
81,1.475
82,1.645
83,1.964
84,1.678
85,2.06
86,1.806
87,2.09
88,2.256
89,2.678
90,1.556
91,2.312
92,2.642
93,2.246
94,2.29
95,2.371
96,1.667
97,2.03
98,2.223
99,2.264
100,2.186
101,1.826
102,2.633
103,2.586
104,1.873
105,2.413
106,1.413
107,2.883
108,1.877
109,2.246
110,1.936
111,2.122
112,2.84
113,2.901
114,1.301
115,2.532
116,2.332
117,2.313
118,3.548
119,1.253
120,2.59
121,2.21
122,2.021
123,2.862
124,1.861
125,1.651
126,2.218
127,1.961
128,2.857
129,2.786
130,2.063
131,2.86
132,2.456
133,1.715
134,2.49
135,1.528
136,2.127
137,2.353
138,2.117
139,2.595
140,2.391
141,2.46
142,1.054
143,1.774
144,1.918
145,2.811
146,1.709
147,2.193
148,2.5
149,2.648
150,2.818
151,2.698
152,1.675
153,1.861
154,2.026
155,2.318
156,3.12
157,2.098
158,2.272
159,2.312
160,2.105
161,1.422
162,2.928
163,1.939
164,1.685
165,2.277
166,2.948
167,3.064
168,1.942
169,1.848
170,2.919
171,3.467
172,2.303
173,2.358
174,1.824
175,2.074
176,2.458
177,2.389
178,2.428
179,2.492
180,2.878
181,2.451
182,1.645
183,2.19
184,2.533
185,1.451
186,2.658
187,1.577
188,2.255
189,2.6
190,2.178
191,1.865
192,1.838
193,2.193
194,1.816
195,1.614
196,0.982
197,2.205
198,2.484
199,1.805
200,2.553
201,2.142
202,1.789
203,1.677
204,2.184
205,1.322
206,2.49
207,2.917
208,2.624
209,2.072
210,2.956
211,1.85
212,2.251
213,1.777
214,1.775
215,2.503
216,2.49
217,3.233
218,2.361
219,3.166
220,2.06
221,1.608
222,2.31
223,2.87
224,1.645
225,1.608
226,2.669
227,2.546
228,2.315
229,1.982
230,2.38
231,2.764
232,2.052
233,2.186
234,2.41
235,2.515
236,2.545
237,2.306
238,2.977
239,2.842
240,1.621
241,2.659
242,2.51
243,2.167
244,2.3
245,2.903
246,2.269
247,2.858
248,2.184
249,2.54
250,3.808
251,2.945
252,3.399
253,2.989
254,2.928
255,2.294
256,1.553
257,1.793
258,2.473
259,2.412
260,3.647
261,2.776
262,2.315
263,2.431
264,1.321
265,2.534
266,2.285
267,2.444
268,2.354
269,2.785
270,2.907
271,1.788
272,2.278
273,3.339
274,2.377
275,1.743
276,2.128
277,2.417
278,3.516
279,2.278
280,2.729
281,2.924
282,2.419
283,1.642
284,2.066
285,1.582
286,2.398
287,2.143
288,3.108
289,1.588
290,2.077
291,2.462
292,3.813
293,2.482
294,1.745
295,2.602
296,2.091
297,2.224
298,1.953
299,2.043
300,2.956
301,1.962
302,2.701
303,2.066
304,2.62
305,2.192
306,2.328
307,2.038
308,3.31
309,2.365
310,2.61
311,2.568
312,1.845
313,1.889
314,3.108
315,1.921
316,2.016
317,1.343
318,1.884
319,3.505
320,2.138
321,1.77
322,2.37
323,2.744
324,2.246
325,1.796
326,2.496
327,2.074
328,2.133
329,1.739
330,2.307
331,3.162
332,2.202
333,2.858
334,2.429
335,1.913
336,2.743
337,2.619
338,2.59
339,1.912
340,2.535
341,2.726
342,2.267
343,2.459
344,1.812
345,2.23
346,3.317
347,2.672
348,2.497
349,2.573
350,2.346
351,1.31
352,2.284
353,2.424
354,2.488
355,2.539
356,2.404
357,2.319
358,1.826
359,2.155
360,0.974
361,2.499
362,2.771
363,2.041
364,1.975
365,2.647
366,1.285
367,2.726
368,3.305
369,1.165
370,2.042
371,1.279
372,2.608
373,1.819
374,2.392
375,2.818
376,3.177
377,1.773
378,2.242
379,3.636
380,2.033
381,3.516
382,2.8
383,2.14
384,1.586
385,2.761
386,2.042
387,2.277
388,1.429
389,1.983
390,1.77
391,2.383
392,2.822
393,3.344
394,2.022
395,1.556
396,2.0
397,2.444
398,3.153
399,1.517
400,2.357
401,2.602
402,1.827
403,2.166
404,1.818
405,2.742
406,2.138
407,1.867
408,2.247
409,2.284
410,1.572
411,2.087
412,2.133
413,2.036
414,1.846
415,2.049
416,2.225
417,1.883
418,2.384
419,1.568
420,2.37
421,2.105
422,2.511
423,1.933
424,2.124
425,2.458
426,2.38
427,1.745
428,1.923
429,2.531
430,2.302
431,2.36
432,2.165
433,1.929
434,1.333
435,2.916
436,3.301
437,2.261
438,2.532
439,2.062
440,3.202
441,2.178
442,2.221
443,1.819
444,2.676
445,2.895
446,3.421
447,3.195
448,2.194
449,2.622
450,2.253
451,2.423
452,2.274
453,2.173
454,3.45
455,1.037
456,3.065
457,2.156
458,2.265
459,1.767
460,2.567
461,2.523
462,2.095
463,2.264
464,2.349
465,1.749
466,3.118
467,2.208
468,2.645
469,1.98
470,2.789
471,2.049
472,1.22
473,2.782
474,2.43
475,2.635
476,2.092
477,2.167
478,1.799
479,2.884
480,2.206
481,2.592
482,2.663
483,2.157
484,0.691
485,1.486
486,2.763
487,2.192
488,3.497
489,3.113
490,2.618
491,2.204
492,2.538
493,1.164
494,2.704
495,2.876
496,1.654
497,2.525
498,2.264
499,2.081
500,1.999
501,2.9
502,1.943
503,2.391
504,1.887
505,2.694
506,2.771
507,2.438
508,2.755
509,1.872
510,2.682
511,2.365
512,2.11
513,2.65
514,2.129
515,2.319
516,1.22
517,2.162
518,2.36
519,3.049
520,1.673
521,2.579
522,2.213
523,2.264
524,2.389
525,2.601
526,2.394
527,1.642
528,1.419
529,1.983
530,2.375
531,2.763
532,2.22
533,2.76
534,2.382
535,2.994
536,1.488
537,2.36
538,3.023
539,2.803
540,1.908
541,1.212
542,1.855
543,2.478
544,2.694
545,2.162
546,2.229
547,1.887
548,3.575
549,2.335
550,2.081
551,2.983
552,2.132
553,2.099
554,2.897
555,1.844
556,1.794
557,2.496
558,1.041
559,2.987
560,1.766
561,2.608
562,2.805
563,2.213
564,2.585
565,2.456
566,3.392
567,2.63
568,2.806
569,2.02
570,3.555
571,2.26
572,2.328
573,2.195
574,1.398
575,2.715
576,2.922
577,1.976
578,2.445
579,3.006
580,2.34
581,2.907
582,1.948
583,1.779
584,1.874
585,2.291
586,2.068
587,2.764
588,1.507
589,3.179
590,2.828
591,2.766
592,3.114
593,1.976
594,1.88
595,1.675
596,2.119
597,2.382
598,2.111
599,2.178
600,2.392
601,2.163
602,2.156
603,2.084
604,3.173
605,1.911
606,2.321
607,1.76
608,2.994
609,2.771
610,2.311
611,2.71
612,1.093
613,1.556
614,2.879
615,2.766
616,1.988
617,3.095
618,2.749
619,3.048
620,2.964
621,1.744
622,2.258
623,3.031
624,2.077
625,2.096
626,2.176
627,2.49
628,2.307
629,1.036
630,1.791
631,2.233
632,1.843
633,2.566
634,2.604
635,3.023
636,1.859
637,1.709
638,2.207
639,1.79
640,1.78
641,3.379
642,2.339
643,2.531
644,1.461
645,2.767
646,2.471
647,2.272
648,2.976
649,2.509
650,2.186
651,2.555
652,2.152
653,2.6
654,2.524
655,1.508
656,2.061
657,2.244
658,3.009
659,3.105
660,2.543
661,1.933
662,2.895
663,1.755
664,2.307
665,1.23
666,2.931
667,2.693
668,2.228
669,2.441
670,1.619
671,2.356
672,1.763
673,2.283
674,2.133
675,2.504
676,2.79
677,2.456
678,2.556
679,1.827
680,2.227
681,2.4
682,3.05
683,1.354
684,2.09
685,2.647
686,1.944
687,2.211
688,1.968
689,2.329
690,3.02
691,2.364
692,1.782
693,1.755
694,3.163
695,2.14
696,1.434
697,2.045
698,2.652
699,2.698
700,1.899
701,3.403
702,2.52
703,2.184
704,2.165
705,2.603
706,1.889
707,2.309
708,2.398
709,2.655
710,2.198
711,2.243
712,2.841
713,2.322
714,2.498
715,2.564
716,2.449
717,2.588
718,2.274
719,2.26
720,2.126
721,2.237
722,2.101
723,3.002
724,3.738
725,1.931
726,2.01
727,2.829
728,2.192
729,3.209
730,2.395
731,2.68
732,3.076
733,1.521
734,2.425
735,2.496
736,2.506
737,1.758
738,1.451
739,1.517
740,2.271
741,1.788
742,2.382
743,3.008
744,3.015
745,1.136
746,2.098
747,1.9
748,2.177
749,2.0
750,1.859
751,1.582
752,2.634
753,2.575
754,1.85
755,2.602
756,2.751
757,2.142
758,2.004
759,2.851
760,2.42
761,2.563
762,1.534
763,1.984
764,2.96
765,1.837
766,2.883
767,2.264
768,2.588
769,1.698
770,2.315
771,2.102
772,2.45
773,2.046
774,1.445
775,2.105
776,1.655
777,3.815
778,2.291
779,3.016
780,2.515
781,1.997
782,1.43
783,3.237
784,2.175
785,2.108
786,2.018
787,2.475
788,2.552
789,2.377
790,2.45
791,2.251
792,1.88
793,1.793
794,2.663
795,2.344
796,2.301
797,1.884
798,1.667
799,2.342
800,1.255
801,2.201
802,1.808
803,1.909
804,2.046
805,3.075
806,3.084
807,2.852
808,2.206
809,2.296
810,2.349
811,1.771
812,1.816
813,2.46
814,2.185
815,3.003
816,1.994
817,1.7
818,3.169
819,2.008
820,2.657
821,2.048
822,2.396
823,1.891
824,2.542
825,2.435
826,2.57
827,2.122
828,2.395
829,1.518
830,2.33
831,2.422
832,2.551
833,2.211
834,3.392
835,2.956
836,2.11
837,2.063
838,2.121
839,2.75
840,1.838
841,2.658
842,2.914
843,1.948
844,2.707
845,2.031
846,2.496
847,2.538
848,2.08
849,2.924
850,1.823
851,2.607
852,1.925
853,2.34
854,1.6
855,1.9
856,2.702
857,2.454
858,3.425
859,2.472
860,2.392
861,1.953
862,2.816
863,2.008
864,2.151
865,2.224
866,1.966
867,1.908
868,1.875
869,2.385
870,2.179
871,2.308
872,2.623
873,2.74
874,1.474
875,2.23
876,1.779
877,2.067
878,1.785
879,2.728
880,2.355
881,1.94
882,2.279
883,2.834
884,2.392
885,2.403
886,2.637
887,1.76
888,2.475
889,1.644
890,2.716
891,1.409
892,1.781
893,2.41
894,2.584
895,1.963
896,3.04
897,2.313
898,1.874
899,2.044
900,2.16
901,2.574
902,2.747
903,2.265
904,2.458
905,2.349
906,2.571
907,1.829
908,1.452
909,1.541
910,2.821
911,2.85
912,3.04
913,2.851
914,2.224
915,3.136
916,2.432
917,2.066
918,1.758
919,2.192
920,2.339
921,2.974
922,3.455
923,2.612
924,1.674
925,2.886
926,1.742
927,2.859
928,1.44
929,2.475
930,2.88
931,1.797
932,2.936
933,2.119
934,1.809
935,2.632
936,2.051
937,1.094
938,2.018
939,2.055
940,2.556
941,2.089
942,3.027
943,2.714
944,2.584
945,1.529
946,2.737
947,1.537
948,2.559
949,3.043
950,2.772
951,2.545
952,2.666
953,2.8
954,2.432
955,2.021
956,1.779
957,1.97
958,2.204
959,0.656
960,2.622
961,1.658
962,2.906
963,2.426
964,2.841
965,2.591
966,2.541
967,2.148
968,2.705
969,2.355
970,1.46
971,1.785
972,2.764
973,2.796
974,1.939
975,2.17
976,3.051
977,2.014
978,2.873
979,3.205
980,1.579
981,2.238
982,2.476
983,1.475
984,2.232
985,2.724
986,2.701
987,2.02
988,2.423
989,2.76
990,2.367
991,1.77
992,2.409
993,1.804
994,2.569
995,2.638
996,2.129
997,1.263
998,2.057
999,2.016
