,col2_length
0,2.604
1,2.505
2,2.506
3,2.3839599025470006
4,2.5787111596247683
5,1.4718120016617253
6,2.624555811960482
7,2.177592801223374
8,2.6967983354160747
9,1.9953262200567918
10,2.5765699704326193
11,2.240997565965538
12,2.3257587548715355
13,2.828847854167123
14,2.1803422407009228
15,3.106178190691725
16,2.7139556408899232
17,2.4989378670403535
18,2.9718648417078386
19,2.5843784189698455
20,1.9527476817033125
21,2.918407315608416
22,2.101534141594667
23,2.6726535915085297
24,2.9057495329652574
25,2.137626628286689
26,2.4257790781411233
27,2.202342735460684
28,2.9487782728973415
29,2.047173978882194
30,2.2530090918813825
31,2.4941815740190583
32,2.644824358540043
33,2.711599291212673
34,2.050114627459433
35,2.0985897877478563
36,1.7833545307303864
37,2.069570814543122
38,2.2369958729361663
39,1.950589850892657
40,2.3200481782953566
41,2.8177828871034425
42,3.2858485326210944
43,1.733462756631564
44,2.6824647904138263
45,2.264835521180615
46,3.013592513465511
47,2.728074791142059
48,1.6576578687586583
49,2.636106379844795
50,2.6231205415441767
51,2.669713621545299
52,2.4725739266639413
53,2.4620570989979313
54,2.0033830357118303
55,3.3683590478555434
56,2.6072372220368343
57,2.3381618660478387
58,2.1335439015916737
59,2.436629240894308
60,2.242917116323264
61,2.3526229247064263
62,2.2640118249647667
63,1.8488444561892323
64,1.6831284206152608
65,2.6129834650969457
66,1.9986325332930222
67,2.1351682382475765
68,2.0115259868632576
69,2.9194155311389314
70,2.050291435743265
71,2.202697499605721
72,1.613426573189105
73,3.2112535109178704
74,2.0956616379409234
75,2.599257358356225
76,2.4360565236053047
77,2.210234887442161
78,2.037378873567469
79,2.136687815992347
80,1.9832326634327724
81,2.493099788113428
82,2.7884675426233705
83,2.1944999433403214
84,1.7994325429083071
85,2.280216386016479
86,2.1654656204538125
87,2.4591923497850994
88,1.9381985958863281
89,2.47670469403027
90,2.273912368773271
91,2.783270963770563
92,1.6590917616774679
93,1.8303075396716757
94,2.734708966382421
95,1.7862190756063114
96,2.774449789448403
97,1.5372092329840692
98,2.632044255289086
99,2.9417571734795738
100,2.6096790680189725
101,2.354307785948264
102,2.1697093069829783
103,2.245539446821352
104,2.175453502415302
105,2.327087710604904
106,1.4682939093128273
107,2.3774431274909404
108,2.502196853556634
109,2.7837667348501545
110,2.0369610304747323
111,3.3918734060893962
112,2.4591056283628134
113,2.4379249394962588
114,2.18749775801171
115,1.846003031649593
116,1.9936776255277109
117,2.498650926203634
118,2.292894453633725
119,2.962486589306063
120,2.762407601885601
121,2.840915854080806
122,2.4468953593033196
123,2.806619333286893
124,3.051712340832081
125,2.4174744056444277
126,2.51204649647173
127,1.9668758535839717
128,2.0556419351468147
129,2.303650953200233
130,2.8044623586038844
131,2.7731873635829847
132,2.16958226323553
133,2.9500231190900537
134,2.3475480335827434
135,1.6017903402510207
136,2.4066523781501816
137,2.1183981791474134
138,3.0248161771999507
139,3.593894610682831
140,1.8274065834404158
141,3.1400877340681044
142,2.351139380171321
143,1.7517568501042777
144,2.7762052970650926
145,2.154326653605313
146,3.0672969549198323
147,2.6663809912058527
148,3.213751172097837
149,1.859579779402485
150,1.948643374263423
151,2.1571744460331934
152,1.632798400485818
153,2.7988704165789757
154,2.2196225611030824
155,2.7310691892177363
156,2.7837193530729496
157,1.7219442169322532
158,2.4946173935545373
159,2.9732896987493094
160,2.6248018903218435
161,1.8366595456802952
162,2.8351894408299247
163,1.962939558875174
164,2.4133446862719206
165,2.6846145026507235
166,2.509886926184695
167,2.08680340886865
168,2.3004210182161624
169,2.282698969757025
170,2.7934889933234675
171,2.932109822346467
172,1.5542212948224383
173,2.4678089734291517
174,3.6163348882930513
175,2.416630653789035
176,3.050814020348617
177,1.991024864869615
178,2.476853810590298
179,1.9345082781664777
180,2.1116493380065844
181,2.9923977080626196
182,3.6725414051432366
183,2.7902701809624615
184,2.905315853981061
185,2.883776099381416
186,2.344321577806122
187,2.978462097639057
188,1.9376181555864211
189,2.291969201509418
190,2.9828311494353352
191,2.12051357584757
192,1.8706135614411907
193,2.3324222638426355
194,2.6607612778236738
195,2.307056683662552
196,2.6068431885029812
197,1.8312246870299422
198,2.3539093091636163
199,0.9180268950780843
200,2.078817624311442
201,2.0202143711688016
202,1.841944183773428
203,2.9044861934213486
204,2.728523610500509
205,2.83787845863652
206,1.505225393584032
207,2.4920698008023963
208,2.7745046383107073
209,2.201011800994181
210,2.0939676033341987
211,1.775300097954414
212,2.580718035921122
213,2.1153276539859704
214,2.7508564004859317
215,2.763708741478939
216,2.2933003616427436
217,1.9615143023834154
218,1.684018008435786
219,1.999610569204922
220,2.6230598943505012
221,2.2674440155393234
222,2.0774209556512386
223,1.9141157805562767
224,2.122800189509985
225,2.507557694694833
226,2.92875634448468
227,2.4326740922968293
228,2.4997788941845074
229,2.045592613119898
230,2.955493758207509
231,3.178850441657342
232,2.2925959846936212
233,2.029686339104141
234,2.865010707679986
235,3.0580133623082624
236,2.441299876090285
237,1.9623221614838249
238,1.3387997543135188
239,1.805855690360592
240,2.5842761024519776
241,1.6895628883896874
242,1.6065392614103682
243,1.9050044262717025
244,1.5871041960458645
245,3.0259449507184777
246,2.6785312242630828
247,2.642937980241976
248,1.9273690527394534
249,2.161111193294214
250,2.525050508430441
251,2.3209944733121435
252,2.341060370314452
253,2.7338012508708376
254,2.3977186037031655
255,2.574791785078739
256,2.018547593977924
257,2.315983214983887
258,3.0208399665864487
259,2.090341671679641
260,1.6875491493712595
261,1.798958401099213
262,1.203497539585803
263,2.1288888392030714
264,2.6084968105671056
265,1.9886992429093275
266,1.4267857218721587
267,2.2672008783756237
268,2.2415345325751073
269,2.462725163319901
270,1.9450570058806327
271,2.4966117981990084
272,3.5417195136508344
273,1.922640509286003
274,1.7106385210387125
275,2.687346565761812
276,2.642093428080095
277,1.874820908323105
278,2.7681155421091392
279,2.8640592343632036
280,3.5367927264186148
281,2.3718081658356454
282,2.5489711657141574
283,2.6551286407254553
284,2.7381344952611086
285,1.2469830743659607
286,2.4683324431137263
287,2.0864111224501594
288,2.67379279446362
289,2.399852700188087
290,1.8756132141652402
291,3.1687353445195967
292,2.1334153544010515
293,2.3659991940301808
294,1.8555632574385188
295,2.385109095435518
296,2.4352185150570884
297,2.1811863202418333
298,1.9031493763086818
299,2.475996539574255
300,1.5944361979450279
301,1.724518987831232
302,1.7343282277788097
303,2.6552483669490727
304,2.270880413459459
305,1.8305380316752036
306,2.4712177567976408
307,2.560249163201157
308,1.3948676405338394
309,2.497785597182932
310,2.3319661786639445
311,1.7013259384814248
312,2.281604116280724
313,2.8035997792888727
314,1.4006265693881037
315,1.4453288739035712
316,2.9849842828894637
317,2.2978288853026436
318,2.684968228055326
319,1.894320360201477
320,1.6741896675278145
321,1.7149525067775526
322,2.72209516067595
323,2.9064924208313845
324,1.8626366129237448
325,3.1129559519965238
326,1.3773450001273837
327,1.9490092616089183
328,1.6303706081636453
329,2.9274711781612606
330,2.6840173650724886
331,2.3381072681495554
332,2.366359278558568
333,2.2437425426301263
334,2.002097041506486
335,1.9035994116452857
336,1.852991554741325
337,2.6455310356804826
338,2.5791570998136044
339,1.9787789643324911
340,2.596142246773399
341,2.9913849876424923
342,2.467721429514007
343,2.3298953901467563
344,2.8163819436869995
345,2.405865466214292
346,1.8978404140049188
347,3.599818300849626
348,2.3683176762872615
349,2.124352586907909
350,0.22149154391671777
351,2.381781518486582
352,3.1303882130851517
353,2.5134618481108557
354,1.5479044706483416
355,2.7641276420426415
356,2.249527078560602
357,2.232730072949192
358,2.200788669021902
359,2.287769814222047
360,1.4555072881837137
361,1.4763933220069423
362,2.808257416100943
363,2.717151998877959
364,2.032753343094333
365,1.7006503530846295
366,2.5614094590723075
367,1.8753039264081428
368,2.3345064209282658
369,2.0890704646328713
370,2.4543835048771996
371,1.868225126787066
372,1.5550296567907516
373,1.6117358058499485
374,2.3658876206231234
375,2.4660684346194266
376,2.757711305111168
377,2.541950409331462
378,2.296102895851297
379,1.678999551466473
380,1.9511020915761916
381,2.2335571593276042
382,2.7015188806945174
383,1.5879902953080285
384,2.0731045713897793
385,2.181331402686103
386,2.3983657199711588
387,1.7589379068905842
388,1.8020794185195605
389,1.5397640287697216
390,1.9960304556149229
391,2.4855784947984776
392,1.9082295088572443
393,1.8047049749880473
394,2.243186715232568
395,1.3883640849699868
396,2.798493752153841
397,2.238264154394096
398,2.4894290989156986
399,2.1553223916066737
400,3.1053163783181144
401,2.3994974450771855
402,2.365241133854512
403,2.919486072987742
404,2.1309459294423116
405,2.0799387766697586
406,2.33288111860797
407,1.9746351509868887
408,2.6876479631102574
409,1.9938025989535415
410,1.431000516112309
411,1.6642839959683249
412,2.515257109937821
413,3.501156686657204
414,2.146370774909092
415,2.756003367157688
416,2.4079954986328636
417,2.1273834990669322
418,2.014089848209268
419,2.0671740485507057
420,2.4395924412359133
421,2.3544130202853846
422,2.4485200306051307
423,3.1139868701612525
424,2.4732149160415386
425,3.0150015570250304
426,3.7343884776635035
427,2.3111832597831117
428,2.119776688266104
429,2.0493248845432364
430,1.6203653522673007
431,2.6747509022980913
432,1.7538331891979637
433,3.4783210326698804
434,2.146314828408721
435,2.4744643644719475
436,3.011998178104642
437,2.052036801393219
438,2.6880756422722243
439,2.425302845189148
440,2.1031516274276716
441,1.7200804389863054
442,2.3192021865460375
443,2.139219600643584
444,2.7181500642031042
445,1.973554203134591
446,2.312635744579933
447,2.4949726609260536
448,2.316728035225137
449,2.3173885507032677
450,2.140547512771248
451,2.322613279703792
452,1.1945410868019848
453,1.2846131501139968
454,2.4503185129406724
455,2.352401941880675
456,2.740628814819342
457,2.17111145240394
458,2.020961116707328
459,2.447468980689995
460,2.556361088254556
461,2.25952280764479
462,2.8691665945920963
463,2.651751032501484
464,1.6432463155236883
465,1.7167824005170176
466,3.387600049421068
467,1.793604817672888
468,2.1711697704817863
469,2.554777571368951
470,2.7846982557283426
471,1.2969339524214034
472,1.9375011032439153
473,1.499005485675649
474,2.1372297852292315
475,1.9618864206481805
476,2.481509722375833
477,2.945573991607906
478,3.064564148757948
479,2.4857376865827168
480,1.9064338789039714
481,1.8281853361413583
482,2.7605991389353113
483,2.245849946451361
484,1.9417555320502176
485,2.5487363079132273
486,2.3009788796394477
487,1.6183986274535829
488,2.3049759203757154
489,2.0459601428372305
490,2.0182001055764776
491,2.3454229793971737
492,2.630695384636758
493,2.3160223324365
494,2.706408186703263
495,2.6907865078923225
496,1.4791439257682502
497,2.1199378787814327
498,3.266720307454432
499,2.884943692785681
500,2.479946612306366
501,2.2852613023076236
502,1.9531117815848649
503,3.897722781365138
504,2.665237499035093
505,2.741877544277995
506,2.183250330319104
507,2.573368486452088
508,2.018914143894342
509,2.0928459203309404
510,1.7209228002997483
511,2.6083812831711968
512,2.903761445836309
513,2.3229825509911297
514,1.7989816264644003
515,2.5736118992346406
516,2.3928033516078258
517,2.510417818430059
518,1.5417255638664704
519,3.3699213935504284
520,2.027453782123983
521,2.2587718097939042
522,2.1555319421299957
523,2.5882763184558293
524,2.783110423210732
525,2.547225333838184
526,2.086322283460577
527,2.3045762918837083
528,2.3530852980091987
529,3.738638969490858
530,2.8827315181128155
531,1.9274449670469131
532,1.6581631985985035
533,1.9907313072500243
534,3.2595253433666933
535,1.9102500472213073
536,2.987735792843756
537,2.5507806775871256
538,2.552159862771115
539,1.8750435674172223
540,2.1810452767094266
541,2.3494405232813516
542,2.3694850305541917
543,2.969111689337319
544,2.7540735216842775
545,2.1862943510588657
546,1.778940978658405
547,2.5514955939637654
548,1.8702138740319056
549,2.478951939248548
550,2.3759516821210585
551,2.5688226631226447
552,2.7523997178638675
553,2.4291726883532627
554,3.0419271789493343
555,1.7734164232064975
556,2.4528887765808562
557,2.3286041068817775
558,2.919087100626098
559,2.353304691186827
560,2.242872728616013
561,1.4494481852015912
562,1.6344823985265595
563,1.4164365254720144
564,3.174371574338874
565,1.4317153829819094
566,2.473777856191096
567,1.4027716350154253
568,2.5501680466085515
569,1.958762984604193
570,2.73690032498369
571,2.3430955260370308
572,2.8795240006068554
573,2.5811879601038807
574,1.7072646380414593
575,2.981724041459725
576,2.694278672128379
577,1.5151532869442854
578,2.368403878720912
579,3.4637270942650358
580,2.3363995477642256
581,2.677094338676399
582,2.0313125282483395
583,2.1509668612242114
584,2.8315265671621113
585,2.799197951419715
586,2.213205867528152
587,2.3982945964661497
588,1.9708394282351487
589,2.475182986877602
590,2.1608080543709787
591,2.3452634262439274
592,2.305392998888867
593,1.8381626208324375
594,2.8976007881291013
595,1.4717672626681342
596,2.1887286991688923
597,2.1067007064882732
598,2.053701839923843
599,1.8257515862266687
600,2.343050210862471
601,2.6012003543650244
602,1.28691678895434
603,3.392137809712712
604,1.7398188968397252
605,1.923265923970012
606,1.0893976107171786
607,2.041619082581406
608,2.300809246876138
609,2.163620403127364
610,2.1734755202688287
611,1.1112696434681844
612,2.6330684004713434
613,2.2196824017424803
614,2.5768528454305604
615,1.6067129679268208
616,1.9617090849537886
617,1.9598362228317954
618,2.9964080490062575
619,2.27215435917285
620,2.6248114709514336
621,2.6547088574449114
622,2.8406952062892943
623,2.394101244490923
624,2.489036170209209
625,3.6576380362765706
626,3.6575663566433914
627,2.460734124672539
628,2.7587837957764183
629,2.0056224576770774
630,2.2703710510513813
631,1.3942962041042148
632,2.418282780052745
633,2.2024632875198087
634,1.5813733691741234
635,1.7754723510328674
636,2.802888109732324
637,2.3792295566026183
638,2.7938642082430096
639,3.0431863079598704
640,2.2377261899740626
641,2.690648032237291
642,2.2367682627761156
643,2.2671886341813874
644,2.7399660442050626
645,2.7136375562528263
646,1.3531390962718748
647,2.392286931175531
648,1.9913700544287019
649,2.1896394000769965
650,3.209739478261617
651,2.275662206550484
652,1.898591225464913
653,2.828486221769652
654,2.3630006493417923
655,2.24238110774755
656,2.675413375629083
657,2.7421791796374544
658,2.455307220745929
659,3.0539924326917216
660,1.7253209394321254
661,2.870042173985574
662,2.469739335402239
663,2.5112205577513182
664,2.069832410904664
665,1.719035935461895
666,2.245471099846463
667,2.9042543382452086
668,2.8361051273097098
669,2.501464545755298
670,2.4569589204542472
671,2.2826225930252892
672,2.291961410430741
673,1.776749723366567
674,1.7534720831616428
675,2.2646546682112043
676,2.2554732105157993
677,1.4114285064672112
678,1.8439956804401754
679,2.250655951770822
680,2.798869120656414
681,3.1360104985292074
682,2.2284610482793474
683,1.9002232223773647
684,2.540404541223226
685,2.395590206243104
686,2.1088178650545384
687,1.8996287298181653
688,2.199954155756288
689,1.4499388483942086
690,1.9762554729698254
691,2.779208503591094
692,1.9037800939454144
693,1.467074843230382
694,3.20475373313376
695,2.5140698821315017
696,2.0548879349374314
697,2.523383557865349
698,2.5884873881461243
699,3.0839467340582054
700,2.4452583065593125
701,3.0832852926176155
702,2.058916916671441
703,2.1914506301950776
704,1.1967833221555715
705,1.9155436565250095
706,1.9780093431469594
707,2.160647281813992
708,2.1136094805330563
709,1.906785323418385
710,2.3847652161164095
711,2.5340977182869793
712,2.314438475420951
713,1.7855371996307818
714,2.1814083758020204
715,2.3116400567525752
716,1.4233395122791663
717,2.687519911920819
718,1.7870513837384854
719,1.7514178498400579
720,2.5779527658051222
721,2.2675351906881422
722,2.572145499533854
723,3.2303040585287506
724,2.225107992179208
725,1.2670872223653828
726,2.196966412798208
727,2.0205252240382974
728,2.096943840871173
729,3.2038870982555583
730,1.8358541214111703
731,2.9828861542840936
732,1.9740349338786762
733,2.509362046774062
734,2.331042710093008
735,2.9716347840033928
736,2.700977693828632
737,2.8741234633299935
738,1.9002400007121631
739,3.131571345810358
740,2.9355390098152148
741,2.19368565654308
742,2.7796072646946675
743,2.7515633014658443
744,2.9649466259548327
745,2.929503609361897
746,1.430669998956371
747,2.967447393265344
748,2.1689644859854678
749,2.430139247877782
750,1.5695490768265699
751,2.5247945010123822
752,2.4566601741310765
753,2.17251131675386
754,3.1172900004925803
755,1.8562467433696526
756,2.311402214399591
757,2.727088521310038
758,2.464216376328723
759,3.0484392855557996
760,2.654767781685321
761,2.555342513355079
762,2.8939451945470798
763,2.9242170508896352
764,3.4060246368748697
765,2.7666213612395705
766,2.9631185676173786
767,3.0651915593485817
768,3.315284233418076
769,1.396933155320114
770,2.460558441003605
771,2.599535567710799
772,2.301726720047722
773,1.788607255648675
774,2.387828400613037
775,2.699528838367818
776,1.8535086778365875
777,2.448685784220096
778,2.1236798651112796
779,2.3064205466637704
780,1.8571620037719712
781,2.882366543321157
782,2.6477319431856055
783,2.0148761267784523
784,1.617433016019144
785,2.037122682590685
786,2.569149645988482
787,2.1426969628705703
788,2.4587039081811914
789,2.4837643398201665
790,1.629553619528502
791,1.2382743052105198
792,1.1618091377038133
793,2.8244246327784275
794,1.9199306284881004
795,2.645927514536654
796,2.5304212195938844
797,2.0008815713315835
798,2.3304219514666618
799,2.457809860817502
800,2.3369675910582712
801,2.6742659073954753
802,1.403228401167465
803,2.258241315819254
804,2.230372782477307
805,2.784354423529981
806,1.8863552555575178
807,2.762847109828171
808,2.4690582487201786
809,1.8093327437397995
810,2.208632028059764
811,2.8222902286352167
812,2.848032825129417
813,1.8127319120178738
814,2.2227623622243744
815,2.374416523014686
816,1.7774484941366926
817,2.5127569584213005
818,3.0873852763579395
819,2.9643252306356365
820,1.9028599980917467
821,1.7892798910840346
822,1.9968633445698059
823,2.2248901344651726
824,2.612692373906633
825,2.6489678440661577
826,1.3687327016599196
827,3.036622492736801
828,2.287468466888756
829,1.7728869446636017
830,1.8283108276954063
831,1.7301397776140495
832,2.4337158726074133
833,2.7185348800570606
834,2.8089373914255362
835,2.729649412707081
836,2.2413757396129794
837,1.2610796881886615
838,1.6520429490953492
839,1.6367865706841846
840,1.6632462939356667
841,2.2611850231620005
842,1.7594027751089163
843,2.4270708809341213
844,2.3275688894952618
845,2.777959640719091
846,2.807464265829052
847,1.6977436828614607
848,3.1275454487487018
849,1.760587357143022
850,2.441611951232079
851,1.2208207977311876
852,2.473751530566059
853,3.0509112071611204
854,2.1646690681486396
855,2.0241681586302596
856,1.2886461068450885
857,1.677118940305318
858,3.3102662840470507
859,2.537709671092295
860,3.065264140023137
861,2.549247690113319
862,2.2625386557683456
863,2.2017636296837995
864,2.2715531681418946
865,3.1327361017179514
866,2.3501408494288447
867,2.9740404208606757
868,2.131996458068807
869,2.432737683906185
870,1.342029686952707
871,2.2230290865724833
872,1.3847900743727002
873,2.5798238527298
874,2.3323652268259196
875,1.5495398649894874
876,1.950973416060759
877,2.204662570297528
878,2.4810442314399292
879,1.5099748105516475
880,2.4540001198295642
881,1.9716680806375755
882,1.991790484416947
883,2.6410566318316486
884,1.9999927009479477
885,1.925738293724958
886,2.1427806764844943
887,2.430930474743376
888,2.59846270074978
889,1.6864498412749822
890,1.2100605204105885
891,2.0293287190985305
892,1.3925261988292719
893,2.14034958790813
894,2.081438509953335
895,2.476790046455663
896,2.297174463294646
897,1.9584039429737363
898,2.570754942477622
899,0.5930236773530342
900,1.8106483833465803
901,1.884019448984121
902,2.2520535834500035
903,2.534536209293283
904,1.7325741089555886
905,2.1340288468956325
906,2.0597401099815076
907,2.731031004027858
908,1.835130200326784
909,2.367570035827903
910,2.9615259254566193
911,2.4194669876081023
912,1.9712049575186619
913,1.9325402565563434
914,2.156804994379882
915,1.6910031270946624
916,2.360121162848456
917,2.105942605364961
918,2.7456334225926735
919,2.6722791095876532
920,2.11221205077664
921,2.027252311779819
922,1.7207346478865206
923,2.9459630322109733
924,1.8446056481734008
925,2.454217576366861
926,1.274090730042678
927,2.2388001225613414
928,1.507529172510068
929,2.4558559588535873
930,2.100338209243027
931,2.4670352844426247
932,2.1136530385713046
933,2.4744442897275483
934,1.9951873383126824
935,1.8620407278527455
936,1.8627106049389954
937,1.6902376839913158
938,1.3349379195644584
939,2.6002270046703257
940,1.801051698362523
941,2.4032045013513916
942,1.6941605543449065
943,2.8627813363252663
944,1.5932020401552234
945,1.5060426471114914
946,1.4654662101859377
947,2.5450218713329025
948,2.1862906472301296
949,2.645084178015097
950,2.1448844906562625
951,2.4783112472501325
952,1.0479120518170812
953,3.3392219974415327
954,2.2655947109466275
955,2.6480946046101805
956,3.0154912177016957
957,2.276660523928596
958,3.4038727106914966
959,2.5380081408920607
960,1.5867033804746988
961,1.9548765027911583
962,2.254092388986456
963,2.4487463039646786
964,2.1945523620870384
965,2.4132695463606737
966,3.3676902896312075
967,2.1184017685715895
968,2.6690275937130417
969,2.600523719271665
970,2.4324824542390884
971,2.188269466702864
972,2.2905512627433744
973,3.794581345709253
974,3.290766260932548
975,2.6320258522990283
976,1.0158896576674696
977,2.9390215701820477
978,2.7373541520074487
979,1.804928699360759
980,2.2961218297149477
981,1.9415969137086717
982,2.8300361484075265
983,2.820887008981192
984,2.3053079859544785
985,2.42812525416821
986,1.677402048217671
987,1.651458637516356
988,2.4260481210153206
989,2.639466191443048
990,2.16318722707503
991,2.3484527300895714
992,2.27504261753893
993,2.392307409654194
994,1.7825355704709707
995,3.1474200154417966
996,2.2629175607802408
997,2.2964696275805525
998,2.2394206232758833
999,2.554837660892644
